general_params = {
fan_speed = 675.000000,
angular_kp = 0.090000,
angular_ki = 0.000500,
angular_kd = 0.050000,
angular_acc_feed_forward_k = 0.000600,
angular_brake_feed_forward_k = 0.000600,
angular_vel_feed_forward_k = 0.005600,
linear_vel_acc_feed_forward_k = 0.033000,
linear_vel_brake_feed_forward_k = 0.025000,
linear_vel_feed_forward_k = 0.141000,
wall_kp = 0.045000,
wall_ki = 0.000000,
wall_kd = 0.000000,
linear_vel_kp = 2.500000,
linear_vel_ki = 0.010000,
linear_vel_kd = 0.000000,
diagonal_walls_kp = 0.030000,
diagonal_walls_ki = 0.000000,
diagonal_walls_kd = 0.000000,
start_wall_break_mm_left = 56.000000,
start_wall_break_mm_right = 64.000000,
enable_wall_break_correction = 1.000000,
max_linear_acc_jerk = 1650.000000,
max_linear_brake_jerk = 1650.000000,
wheel_radius_mm = 13.100000,
coulomb_ff = 0.180000,
angular_coulomb_ff = 0.070000,
angular_static_ff = 0.250000,
angular_coulomb_ff_inplace = 0.000000,
angular_static_ff_inplace = 0.000000,
linear_accel_margin_mm = 5.000000,
linear_brake_margin_mm = 5.000000,
};
t;Vel;TgtVel;AngVel;TgtAngVel;PWM_L;PWM_R;ImuDiff;PosX;PosY;Angle;Dist;SensL;SensFL;SensFR;SensR
0.0;0.0000;0.0000;0.0673;0.0000;1;-3;0.4741;0.5573;0.0000;-0.0109;0.5557;270.0;270.0;270.0;270.0
0.5;0.0000;0.0009;0.0687;0.0000;56;52;-0.0049;0.5573;0.0000;-0.0109;0.5557;270.0;270.0;270.0;270.0
1.0;0.0000;0.0023;0.0714;0.0000;64;60;-0.0049;0.5573;0.0000;-0.0109;0.5557;270.0;270.0;270.0;270.0
1.5;0.0005;0.0041;-0.0192;0.0000;67;69;-0.0049;0.5573;0.0000;-0.0109;0.5557;270.0;270.0;270.0;270.0
2.0;0.0014;0.0060;-0.0302;0.0000;75;77;-0.0049;0.5573;0.0000;-0.0109;0.5557;270.0;270.0;270.0;270.0
2.5;0.0023;0.0082;-0.0385;0.0000;81;83;-0.0049;0.5573;0.0000;-0.0109;0.5557;270.0;270.0;270.0;270.0
3.0;0.0041;0.0114;-0.0055;0.0000;91;91;-0.0049;0.5573;0.0000;-0.0109;0.5557;270.0;270.0;270.0;270.0
3.5;0.0060;0.0147;0.0646;0.0000;101;97;-0.0049;0.5573;0.0000;-0.0109;0.5557;270.0;270.0;270.0;270.0
4.0;0.0078;0.0183;0.1140;0.0000;109;103;-0.0049;0.5573;0.0000;-0.0109;0.5557;270.0;270.0;270.0;270.0
4.5;0.0105;0.0224;0.0508;0.0000;114;112;-0.0049;0.5573;0.0000;-0.0109;0.5557;270.0;270.0;270.0;270.0
5.0;0.0133;0.0270;-0.0096;0.0000;122;122;-0.0049;0.5573;0.0000;-0.0109;0.5557;270.0;270.0;270.0;270.0
5.5;0.0160;0.0321;-0.0522;0.0000;128;132;-0.0049;0.5573;0.0000;-0.0109;0.5557;270.0;270.0;270.0;270.0
6.0;0.0197;0.0371;-0.0371;0.0000;138;140;-0.0049;0.5573;0.0000;-0.0109;0.5557;270.0;270.0;270.0;270.0
6.5;0.0234;0.0430;-0.0398;0.0000;146;148;-0.0049;0.5573;0.0000;-0.0109;0.5557;270.0;270.0;270.0;270.0
7.0;0.0293;0.0495;-0.0412;0.0000;153;153;-0.0831;0.5954;0.0000;-0.0109;0.5557;270.0;270.0;270.0;270.0
7.5;0.0348;0.0559;0.0481;0.0000;163;159;-0.0049;0.5954;0.0000;-0.0109;0.5557;270.0;270.0;270.0;270.0
8.0;0.0398;0.0627;-0.0838;0.0000;169;171;-0.0049;0.5954;0.0000;-0.0109;0.5557;270.0;270.0;270.0;270.0
8.5;0.0490;0.0705;-0.1758;0.0000;175;181;-0.0049;0.6794;0.0000;-0.0109;0.5557;270.0;270.0;270.0;270.0
9.0;0.0586;0.0783;-0.2940;0.0000;179;193;0.0831;0.7176;0.0000;-0.0109;0.5557;270.0;270.0;270.0;270.0
9.5;0.0673;0.0865;-0.3764;0.0000;185;202;0.0049;0.7176;0.0000;-0.0109;0.5557;270.0;270.0;270.0;270.0
10.0;0.0783;0.0952;-0.4341;0.0000;191;210;0.0049;0.8015;-0.0076;-0.0328;0.5557;270.0;270.0;270.0;270.0
10.5;0.0879;0.1039;-0.4396;0.0000;196;220;0.0049;0.8015;-0.0076;-0.0328;0.5557;270.0;270.0;270.0;270.0
11.0;0.0962;0.1136;-0.3709;0.0000;206;226;-0.0049;0.8015;-0.0076;-0.0328;0.5557;270.0;270.0;270.0;270.0
11.5;0.1035;0.1236;-0.3228;0.0000;216;232;-0.0049;0.8015;-0.0076;-0.0328;0.5557;270.0;270.0;270.0;270.0
12.0;0.1126;0.1337;-0.3544;0.0000;220;239;0.0831;0.8397;-0.0076;-0.0328;0.5557;270.0;270.0;270.0;270.0
12.5;0.1213;0.1433;-0.3104;0.0000;222;238;-0.0733;0.8779;-0.0076;-0.0548;0.5557;270.0;270.0;270.0;270.0
13.0;0.1291;0.1534;-0.1264;0.0000;230;238;-0.0049;0.8779;-0.0076;-0.0548;0.5557;270.0;270.0;270.0;270.0
13.5;0.1387;0.1635;-0.0865;0.0000;232;238;0.0831;1.0000;-0.0076;-0.0548;0.5557;270.0;270.0;270.0;270.0
14.0;0.1488;0.1735;-0.0357;0.0000;236;238;-0.0831;1.1221;-0.0076;-0.0548;0.5557;270.0;270.0;270.0;270.0
14.5;0.1584;0.1836;0.0165;0.0000;238;238;-0.0049;1.1985;-0.0076;-0.0548;0.5557;270.0;270.0;270.0;270.0
15.0;0.1685;0.1937;-0.1593;0.0000;234;241;0.0049;1.2824;-0.0076;-0.0548;0.5557;270.0;270.0;270.0;270.0
15.5;0.1786;0.2033;-0.1360;0.0000;236;243;0.0831;1.4046;-0.0076;-0.0548;1.3553;270.0;270.0;270.0;270.0
16.0;0.1882;0.2134;-0.1978;0.0000;236;247;0.0049;1.4809;-0.0076;-0.0768;1.3553;270.0;270.0;270.0;270.0
16.5;0.1978;0.2234;-0.2761;0.0000;236;249;-0.0733;1.6031;-0.0076;-0.0768;1.3553;270.0;270.0;270.0;270.0
17.0;0.2079;0.2335;-0.1703;0.0000;239;247;-0.0831;1.7252;-0.0076;-0.0768;1.3553;270.0;270.0;270.0;270.0
17.5;0.2179;0.2436;-0.2459;0.0000;238;251;0.0831;1.8473;-0.0076;-0.0768;1.3553;270.0;270.0;270.0;270.0
18.0;0.2285;0.2537;-0.3338;0.0000;236;253;0.0049;2.0076;-0.0076;-0.0988;1.3553;270.0;270.0;270.0;270.0
18.5;0.2390;0.2637;-0.3503;0.0000;238;255;-0.0733;2.1298;-0.0076;-0.0988;1.3553;270.0;270.0;270.0;270.0
19.0;0.2495;0.2734;-0.4643;0.0000;236;257;0.0147;2.2901;-0.0076;-0.1207;2.1549;270.0;270.0;270.0;270.0
19.5;0.2596;0.2834;-0.4753;0.0000;236;259;0.0929;2.4046;-0.0076;-0.1427;2.1549;270.0;270.0;270.0;270.0
20.0;0.2701;0.2935;-0.4890;0.0000;236;261;0.0147;2.5649;-0.0076;-0.1427;2.1549;270.0;270.0;270.0;270.0
20.5;0.2811;0.3036;-0.5453;0.0000;236;263;-0.0635;2.7710;-0.0076;-0.1647;2.1549;270.0;270.0;270.0;270.0
21.0;0.2912;0.3136;-0.5357;0.0000;236;263;0.0147;2.9313;-0.0076;-0.1867;2.1549;270.0;270.0;270.0;270.0
21.5;0.3013;0.3237;-0.5742;0.0000;236;265;0.0147;3.0916;-0.0076;-0.1867;2.9546;270.0;270.0;270.0;270.0
22.0;0.3114;0.3333;-0.5907;0.0000;236;267;0.0147;3.2519;-0.0076;-0.2086;2.9546;270.0;270.0;270.0;270.0
22.5;0.3214;0.3434;-0.4602;0.0000;241;265;-0.0733;3.4504;-0.0076;-0.2306;2.9546;270.0;270.0;270.0;270.0
23.0;0.3324;0.3535;-0.4780;0.0000;241;267;0.0929;3.6565;-0.0076;-0.2306;2.9546;270.0;270.0;270.0;270.0
23.5;0.3434;0.3636;-0.4354;0.0000;243;265;-0.0733;3.8550;-0.0076;-0.2526;3.7542;270.0;270.0;270.0;270.0
24.0;0.3535;0.3736;-0.3228;0.0000;245;263;0.0831;4.0534;-0.0076;-0.2526;3.7542;270.0;270.0;270.0;270.0
24.5;0.3636;0.3837;-0.3571;0.0000;247;265;-0.0733;4.2595;-0.0153;-0.2746;3.7542;270.0;270.0;270.0;270.0
25.0;0.3745;0.3933;-0.3255;0.0000;247;265;0.0049;4.4962;-0.0153;-0.2746;3.7542;270.0;270.0;270.0;270.0
25.5;0.3851;0.4034;-0.3173;0.0000;247;265;0.0831;4.6947;-0.0153;-0.2965;4.5538;270.0;270.0;270.0;270.0
26.0;0.3961;0.4135;-0.3599;0.0000;247;267;0.0049;4.9389;-0.0153;-0.2965;4.5538;270.0;270.0;270.0;270.0
26.5;0.4071;0.4235;-0.3626;0.0000;247;267;0.0049;5.1832;-0.0153;-0.3185;4.5538;270.0;270.0;270.0;270.0
27.0;0.4199;0.4336;-0.4560;0.0000;245;271;0.0147;5.5038;-0.0153;-0.3185;5.3534;270.0;270.0;270.0;270.0
27.5;0.4318;0.4437;-0.5343;0.0000;243;273;0.0147;5.7405;-0.0229;-0.3405;5.3534;270.0;270.0;270.0;270.0
28.0;0.4432;0.4533;-0.4135;0.0000;245;269;0.0049;5.9847;-0.0229;-0.3405;5.3534;270.0;270.0;270.0;270.0
28.5;0.4560;0.4634;-0.4423;0.0000;245;271;0.0147;6.3053;-0.0229;-0.3624;6.1530;270.0;270.0;270.0;270.0
29.0;0.4675;0.4734;-0.4533;0.0000;245;269;0.0147;6.5496;-0.0229;-0.3844;6.1530;270.0;270.0;270.0;270.0
29.5;0.4799;0.4835;-0.3874;0.0000;245;267;0.0049;6.8702;-0.0229;-0.3844;6.1530;270.0;270.0;270.0;270.0
30.0;0.4918;0.4936;-0.3860;0.0000;245;267;-0.0733;7.1527;-0.0305;-0.4064;6.9526;270.0;270.0;270.0;270.0
30.5;0.5023;0.5037;-0.3324;0.0000;247;267;0.0049;7.3893;-0.0305;-0.4064;6.9526;270.0;270.0;270.0;270.0
31.0;0.5137;0.5137;-0.3297;0.0000;247;267;0.0049;7.7099;-0.0305;-0.4064;6.9526;270.0;270.0;270.0;270.0
31.5;0.5266;0.5234;-0.4011;0.0000;245;269;0.0049;8.1145;-0.0382;-0.4284;7.7522;270.0;270.0;270.0;270.0
32.0;0.5389;0.5334;-0.3503;0.0000;245;265;-0.0733;8.3969;-0.0382;-0.4284;7.7522;270.0;270.0;270.0;270.0
32.5;0.5504;0.5435;-0.4588;0.0000;241;269;0.0929;8.7557;-0.0382;-0.4503;8.5518;270.0;270.0;270.0;270.0
33.0;0.5623;0.5536;-0.5467;0.0000;241;271;0.0147;9.0763;-0.0458;-0.4723;8.5518;270.0;270.0;270.0;270.0
33.5;0.5742;0.5636;-0.4959;0.0000;241;269;-0.0635;9.4427;-0.0458;-0.4723;9.3514;270.0;270.0;270.0;270.0
34.0;0.5861;0.5737;-0.5302;0.0000;241;269;0.0147;9.7634;-0.0458;-0.4943;9.3514;270.0;270.0;270.0;270.0
34.5;0.5975;0.5833;-0.5563;0.0000;239;269;0.0147;10.0840;-0.0534;-0.5163;9.3514;270.0;270.0;270.0;270.0
35.0;0.6094;0.5934;-0.5522;0.0000;239;269;-0.0635;10.4427;-0.0534;-0.5382;10.1510;270.0;270.0;270.0;270.0
35.5;0.6223;0.6035;-0.6154;0.0000;238;271;0.0147;10.8473;-0.0611;-0.5382;10.1510;270.0;270.0;270.0;270.0
36.0;0.6342;0.6136;-0.5220;0.0000;239;267;0.0147;11.1679;-0.0611;-0.5602;10.9506;270.0;270.0;270.0;270.0
36.5;0.6451;0.6236;-0.5824;0.0000;238;269;0.0147;11.4886;-0.0611;-0.5822;10.9506;270.0;270.0;270.0;270.0
37.0;0.6575;0.6337;-0.6291;0.0000;236;271;0.0147;11.8931;-0.0687;-0.6042;11.7503;270.0;270.0;270.0;270.0
37.5;0.6690;0.6433;-0.5536;0.0000;238;269;0.0929;12.2519;-0.0687;-0.6042;11.7503;270.0;270.0;270.0;270.0
38.0;0.6809;0.6534;-0.6401;0.0000;234;271;0.0147;12.6565;-0.0763;-0.6261;12.5499;270.0;270.0;270.0;270.0
38.5;0.6941;0.6635;-0.5687;0.0000;236;269;-0.0635;13.0992;-0.0840;-0.6481;12.5499;270.0;270.0;270.0;270.0
39.0;0.7060;0.6735;-0.5179;0.0000;236;267;0.0929;13.4580;-0.0840;-0.6701;13.3495;270.0;270.0;270.0;270.0
39.5;0.7179;0.6836;-0.6346;0.0000;232;269;0.0147;13.8626;-0.0916;-0.6701;13.3495;270.0;270.0;270.0;270.0
40.0;0.7308;0.6937;-0.5591;0.0000;234;265;-0.0635;14.3053;-0.0916;-0.6921;14.1491;270.0;270.0;270.0;270.0
40.5;0.7431;0.7033;-0.4766;0.0000;236;263;0.0147;14.7023;-0.0992;-0.7140;14.1491;270.0;270.0;270.0;270.0
41.0;0.7550;0.7134;-0.5426;0.0000;234;265;0.0147;15.1069;-0.1069;-0.7140;14.9487;270.0;270.0;270.0;270.0
41.5;0.7665;0.7234;-0.4313;0.0000;236;261;-0.0733;15.5496;-0.1069;-0.7360;14.9487;270.0;270.0;270.0;270.0
42.0;0.7779;0.7335;-0.4821;0.0000;234;263;0.0929;15.9924;-0.1145;-0.7580;15.7483;270.0;270.0;270.0;270.0
42.5;0.7894;0.7436;-0.4327;0.0000;234;261;0.0147;16.3969;-0.1221;-0.7580;15.7483;270.0;270.0;270.0;270.0
43.0;0.8008;0.7537;-0.3585;0.0000;236;259;0.0929;16.8321;-0.1298;-0.7800;16.5479;270.0;270.0;270.0;270.0
43.5;0.8114;0.7637;-0.4670;0.0000;232;261;0.0147;17.2366;-0.1298;-0.7800;16.5479;270.0;270.0;270.0;270.0
44.0;0.8233;0.7734;-0.3819;0.0000;234;259;0.0049;17.7176;-0.1374;-0.8019;17.3475;270.0;270.0;270.0;270.0
44.5;0.8347;0.7834;-0.3159;0.0000;236;257;0.0831;18.1603;-0.1450;-0.8019;18.1471;270.0;270.0;270.0;270.0
45.0;0.8466;0.7935;-0.3324;0.0000;236;257;-0.1515;18.6412;-0.1527;-0.8239;18.1471;270.0;270.0;270.0;270.0
45.5;0.8585;0.8036;-0.2940;0.0000;236;257;0.1613;19.1298;-0.1603;-0.8239;18.9467;270.0;270.0;270.0;270.0
46.0;0.8695;0.8136;-0.3159;0.0000;234;257;0.0831;19.5649;-0.1679;-0.8239;18.9467;270.0;270.0;270.0;270.0
46.5;0.8814;0.8237;-0.3791;0.0000;234;257;-0.0733;20.0916;-0.1756;-0.8459;19.7464;270.0;270.0;270.0;270.0
47.0;0.8919;0.8333;-0.3022;0.0000;236;257;0.0831;20.5344;-0.1756;-0.8459;19.7464;270.0;270.0;270.0;270.0
47.5;0.9038;0.8434;-0.3777;0.0000;234;257;-0.0733;21.0534;-0.1832;-0.8679;20.5460;270.0;270.0;270.0;270.0
48.0;0.9158;0.8535;-0.2871;0.0000;236;255;-0.0733;21.5802;-0.1908;-0.8679;21.3456;270.0;270.0;270.0;270.0
48.5;0.9263;0.8636;-0.3036;0.0000;234;257;0.1711;22.0611;-0.1985;-0.8898;21.3456;270.0;270.0;270.0;270.0
49.0;0.9377;0.8736;-0.3558;0.0000;234;257;-0.0733;22.5802;-0.2061;-0.8898;22.1452;270.0;270.0;270.0;270.0
49.5;0.9483;0.8837;-0.2775;0.0000;236;255;0.0049;23.0611;-0.2137;-0.8898;22.9448;270.0;270.0;270.0;270.0
50.0;0.9602;0.8933;-0.2280;0.0000;236;253;0.0049;23.6260;-0.2290;-0.9118;22.9448;270.0;270.0;270.0;270.0
50.5;0.9716;0.9034;-0.3118;0.0000;234;255;0.0049;24.1069;-0.2366;-0.9118;23.7444;270.0;270.0;270.0;270.0
51.0;0.9835;0.9135;-0.3036;0.0000;234;255;0.0049;24.6718;-0.2443;-0.9118;24.5440;270.0;270.0;270.0;270.0
51.5;0.9950;0.9235;-0.3448;0.0000;232;257;0.0831;25.1908;-0.2519;-0.9338;24.5440;270.0;270.0;270.0;270.0
52.0;1.0064;0.9336;-0.4341;0.0000;230;257;-0.0733;25.7176;-0.2595;-0.9338;25.3436;270.0;270.0;270.0;270.0
52.5;1.0169;0.9437;-0.3407;0.0000;232;255;0.0049;26.2824;-0.2672;-0.9557;26.1432;270.0;270.0;270.0;270.0
53.0;1.0275;0.9533;-0.4190;0.0000;230;259;0.0049;26.8397;-0.2748;-0.9557;26.1432;270.0;270.0;270.0;270.0
53.5;1.0375;0.9634;-0.3118;0.0000;234;255;0.0049;27.4046;-0.2901;-0.9777;26.9428;270.0;270.0;270.0;270.0
54.0;1.0462;0.9734;-0.2651;0.0000;236;255;0.0049;27.8855;-0.2977;-0.9777;27.7425;270.0;270.0;270.0;270.0
54.5;1.0563;0.9835;-0.2157;0.0000;238;255;0.0049;28.4504;-0.3053;-0.9997;27.7425;270.0;270.0;270.0;270.0
55.0;1.0659;0.9936;-0.0192;0.0000;243;251;-0.0049;29.0153;-0.3130;-0.9997;28.5421;270.0;270.0;270.0;270.0
55.5;1.0760;1.0037;0.0027;0.0000;245;251;-0.0049;29.5725;-0.3206;-0.9997;29.3417;270.0;270.0;270.0;270.0
56.0;1.0856;1.0137;-0.0110;0.0000;243;253;0.0733;30.0992;-0.3359;-0.9997;29.3417;270.0;270.0;270.0;270.0
56.5;1.0952;1.0234;0.0206;0.0000;245;253;-0.0049;30.6565;-0.3435;-0.9997;30.1413;270.0;270.0;270.0;270.0
57.0;1.1053;1.0334;-0.0220;0.0000;245;255;-0.0049;31.2214;-0.3511;-0.9997;30.9409;270.0;270.0;270.0;270.0
57.5;1.1154;1.0435;-0.0865;0.0000;243;255;-0.0831;31.8244;-0.3588;-0.9997;31.7405;270.0;270.0;270.0;270.0
58.0;1.1259;1.0536;-0.0879;0.0000;245;257;-0.0049;32.3893;-0.3740;-0.9997;31.7405;270.0;270.0;270.0;270.0
58.5;1.1360;1.0636;-0.1662;0.0000;243;261;0.0049;32.9466;-0.3817;-0.9997;32.5401;270.0;270.0;270.0;270.0
59.0;1.1456;1.0737;-0.1346;0.0000;245;261;-0.0049;33.5115;-0.3893;-0.9997;33.3397;270.0;270.0;270.0;270.0
59.5;1.1566;1.0833;-0.0687;0.0000;247;259;-0.0049;34.1527;-0.4046;-0.9997;34.1393;270.0;270.0;270.0;270.0
60.0;1.1662;1.0934;-0.1044;0.0000;245;259;-0.0049;34.7176;-0.4122;-0.9997;34.1393;270.0;270.0;270.0;270.0
60.5;1.1772;1.1035;-0.0302;0.0000;249;259;-0.0049;35.3588;-0.4275;-0.9997;34.9389;270.0;270.0;270.0;270.0
61.0;1.1877;1.1136;-0.0975;0.0000;249;261;-0.0049;36.0000;-0.4351;-1.0217;35.7386;270.0;270.0;270.0;270.0
61.5;1.1983;1.1236;-0.1126;0.0000;247;261;-0.0831;36.6031;-0.4427;-1.0217;36.5382;270.0;270.0;270.0;270.0
62.0;1.2083;1.1337;-0.0769;0.0000;249;261;0.0733;37.2061;-0.4580;-1.0217;36.5382;270.0;270.0;270.0;270.0
62.5;1.2179;1.1433;-0.0522;0.0000;251;261;-0.0831;37.8092;-0.4656;-1.0217;37.3378;270.0;270.0;270.0;270.0
63.0;1.2285;1.1534;-0.0302;0.0000;251;261;-0.0049;38.4580;-0.4809;-1.0217;38.1374;270.0;270.0;270.0;270.0
63.5;1.2390;1.1635;0.0701;0.0000;255;259;-0.0049;39.0992;-0.4885;-1.0217;38.9370;270.0;270.0;270.0;270.0
64.0;1.2495;1.1735;-0.0110;0.0000;253;263;-0.0049;39.7405;-0.5038;-1.0217;39.7366;270.0;270.0;270.0;270.0
64.5;1.2596;1.1836;-0.0398;0.0000;251;263;-0.0831;40.4275;-0.5114;-1.0217;39.7366;270.0;270.0;270.0;270.0
65.0;1.2697;1.1937;0.0810;0.0000;255;261;0.0733;41.0229;-0.5267;-1.0217;40.5362;270.0;270.0;270.0;270.0
65.5;1.2788;1.2033;0.0055;0.0000;253;263;-0.0049;41.6718;-0.5344;-1.0217;41.3358;270.0;270.0;270.0;270.0
66.0;1.2885;1.2134;0.1621;0.0000;261;261;-0.0147;42.3130;-0.5420;-1.0217;42.1354;270.0;270.0;270.0;270.0
66.5;1.2981;1.2234;0.0838;0.0000;257;263;0.0733;42.9924;-0.5573;-0.9997;42.9350;270.0;270.0;270.0;270.0
67.0;1.3068;1.2335;0.0838;0.0000;261;265;-0.0049;43.6412;-0.5725;-0.9997;42.9350;270.0;270.0;270.0;270.0
67.5;1.3150;1.2436;0.0948;0.0000;261;265;-0.0049;44.2824;-0.5802;-0.9997;43.7346;270.0;270.0;270.0;270.0
68.0;1.3237;1.2537;0.0604;0.0000;263;267;-0.0049;44.9237;-0.5878;-0.9997;44.5343;270.0;270.0;270.0;270.0
68.5;1.3324;1.2637;0.1126;0.0000;265;269;-0.0049;45.5649;-0.6031;-0.9997;45.3339;270.0;270.0;270.0;270.0
69.0;1.3397;1.2734;0.1305;0.0000;267;269;-0.0049;46.2137;-0.6107;-0.9997;46.1335;270.0;270.0;270.0;270.0
69.5;1.3475;1.2834;0.0426;0.0000;267;273;-0.0049;46.8550;-0.6260;-0.9997;46.1335;270.0;270.0;270.0;270.0
70.0;1.3558;1.2935;-0.0124;0.0000;269;277;-0.0831;47.5344;-0.6336;-0.9997;46.9331;270.0;270.0;270.0;270.0
70.5;1.3636;1.3036;-0.0728;0.0000;269;279;-0.0049;48.1832;-0.6489;-0.9997;47.7327;270.0;270.0;270.0;270.0
71.0;1.3723;1.3136;-0.1593;0.0000;269;284;-0.0831;48.8626;-0.6565;-0.9997;48.5323;270.0;270.0;270.0;270.0
71.5;1.3810;1.3237;-0.1236;0.0000;271;284;0.0831;49.5420;-0.6718;-0.9997;49.3319;270.0;270.0;270.0;270.0
72.0;1.3901;1.3333;-0.2115;0.0000;271;288;0.0049;50.2672;-0.6870;-1.0217;50.1315;270.0;270.0;270.0;270.0
72.5;1.3988;1.3434;-0.0797;0.0000;275;286;-0.0831;50.9542;-0.6947;-1.0217;50.9311;270.0;270.0;270.0;270.0
73.0;1.4089;1.3535;-0.0604;0.0000;277;288;-0.0049;51.6718;-0.7099;-1.0217;50.9311;270.0;270.0;270.0;270.0
73.5;1.4185;1.3636;-0.0646;0.0000;277;288;-0.0049;52.3969;-0.7176;-1.0217;51.7307;270.0;270.0;270.0;270.0
74.0;1.4277;1.3736;-0.0508;0.0000;281;288;-0.0831;53.0840;-0.7328;-1.0217;52.5304;270.0;270.0;270.0;270.0
74.5;1.4368;1.3837;-0.1374;0.0000;279;292;-0.0831;53.8473;-0.7481;-1.0217;53.3300;270.0;270.0;270.0;270.0
75.0;1.4464;1.3933;-0.2047;0.0000;279;294;0.0049;54.5725;-0.7557;-1.0217;54.1296;270.0;270.0;270.0;270.0
75.5;1.4556;1.4034;-0.2720;0.0000;279;300;0.0049;55.2901;-0.7710;-1.0436;54.9292;270.0;270.0;270.0;270.0
76.0;1.4661;1.4135;-0.3077;0.0000;279;300;0.0049;56.0992;-0.7863;-1.0436;55.7288;270.0;270.0;270.0;270.0
76.5;1.4757;1.4235;-0.3723;0.0000;277;304;-0.0733;56.8626;-0.8015;-1.0656;56.5284;270.0;270.0;270.0;270.0
77.0;1.4863;1.4336;-0.3063;0.0000;279;302;0.0831;57.6260;-0.8168;-1.0656;57.3280;270.0;270.0;270.0;270.0
77.5;1.4963;1.4437;-0.3269;0.0000;279;302;-0.0733;58.3893;-0.8244;-1.0656;58.1276;270.0;270.0;270.0;270.0
78.0;1.5064;1.4533;-0.2486;0.0000;283;302;0.0831;59.1527;-0.8397;-1.0876;58.9272;270.0;270.0;270.0;270.0
78.5;1.5169;1.4634;-0.2212;0.0000;284;304;-0.0733;59.9160;-0.8550;-1.0876;59.7268;270.0;270.0;270.0;270.0
79.0;1.5270;1.4734;-0.2033;0.0000;284;302;0.0049;60.7176;-0.8702;-1.0876;60.5265;270.0;270.0;270.0;270.0
79.5;1.5380;1.4835;-0.1332;0.0000;286;300;-0.0049;61.5191;-0.8855;-1.0876;61.3261;270.0;270.0;270.0;270.0
80.0;1.5485;1.4936;-0.2074;0.0000;286;304;0.0049;62.3206;-0.9008;-1.1096;62.1257;270.0;270.0;270.0;270.0
80.5;1.5591;1.5037;-0.2514;0.0000;284;306;0.0049;63.1298;-0.9160;-1.1096;62.9253;270.0;270.0;270.0;270.0
81.0;1.5691;1.5137;-0.2555;0.0000;286;308;0.0049;63.9313;-0.9313;-1.1096;63.7249;270.0;270.0;270.0;270.0
81.5;1.5788;1.5234;-0.2679;0.0000;286;308;-0.0733;64.6947;-0.9466;-1.1315;64.5245;270.0;270.0;270.0;270.0
82.0;1.5893;1.5334;-0.3626;0.0000;284;310;-0.0733;65.5420;-0.9618;-1.1315;65.3241;270.0;270.0;270.0;270.0
82.5;1.6003;1.5435;-0.3173;0.0000;286;310;-0.0733;66.3817;-0.9771;-1.1535;66.1237;270.0;270.0;270.0;270.0
83.0;1.6117;1.5536;-0.4409;0.0000;284;314;0.0147;67.2672;-1.0000;-1.1535;66.9233;270.0;270.0;270.0;270.0
83.5;1.6227;1.5636;-0.5137;0.0000;283;314;-0.0635;68.1069;-1.0153;-1.1755;67.7229;270.0;270.0;270.0;270.0
84.0;1.6342;1.5737;-0.4244;0.0000;286;314;0.0049;68.9924;-1.0305;-1.1755;68.5226;270.0;270.0;270.0;270.0
84.5;1.6451;1.5833;-0.4835;0.0000;284;314;-0.0635;69.8397;-1.0534;-1.1975;69.3222;270.0;270.0;270.0;270.0
85.0;1.6566;1.5934;-0.4066;0.0000;284;312;0.0049;70.7252;-1.0687;-1.2194;70.1218;270.0;270.0;270.0;270.0
85.5;1.6680;1.6035;-0.5041;0.0000;283;316;-0.0635;71.6489;-1.0916;-1.2194;70.9214;270.0;270.0;270.0;270.0
86.0;1.6786;1.6136;-0.4931;0.0000;283;314;0.0147;72.5267;-1.1069;-1.2414;72.5206;270.0;270.0;270.0;270.0
86.5;1.6891;1.6236;-0.5453;0.0000;281;316;0.0147;73.4122;-1.1298;-1.2634;73.3202;270.0;270.0;270.0;270.0
87.0;1.6992;1.6337;-0.4588;0.0000;284;316;0.0147;74.2977;-1.1450;-1.2634;74.1198;270.0;270.0;270.0;270.0
87.5;1.7097;1.6433;-0.5508;0.0000;283;316;0.0147;75.1832;-1.1679;-1.2854;74.9194;270.0;270.0;270.0;270.0
88.0;1.7193;1.6534;-0.4341;0.0000;286;316;0.0147;76.0687;-1.1832;-1.2854;75.7190;270.0;270.0;270.0;270.0
88.5;1.7294;1.6635;-0.5467;0.0000;283;320;0.0929;76.9084;-1.2061;-1.3073;76.5187;270.0;270.0;270.0;270.0
89.0;1.7395;1.6735;-0.6058;0.0000;283;322;-0.0635;77.8321;-1.2214;-1.3293;77.3183;270.0;270.0;270.0;270.0
89.5;1.7486;1.6836;-0.5508;0.0000;284;322;0.0147;78.7176;-1.2443;-1.3513;78.1179;270.0;270.0;270.0;270.0
90.0;1.7587;1.6937;-0.5728;0.0000;284;322;-0.0635;79.6412;-1.2672;-1.3513;78.9175;270.0;270.0;270.0;270.0
90.5;1.7688;1.7033;-0.5041;0.0000;286;322;0.0929;80.5649;-1.2901;-1.3733;80.5167;270.0;270.0;270.0;270.0
91.0;1.7788;1.7134;-0.4725;0.0000;288;322;0.0929;81.4122;-1.3053;-1.3952;81.3163;270.0;270.0;270.0;270.0
91.5;1.7875;1.7234;-0.4712;0.0000;288;322;0.0147;82.2977;-1.3282;-1.3952;82.1159;270.0;270.0;270.0;270.0
92.0;1.7976;1.7335;-0.4519;0.0000;288;324;0.0929;83.2214;-1.3511;-1.4172;82.9155;270.0;270.0;270.0;270.0
92.5;1.8072;1.7436;-0.4258;0.0000;292;326;0.0147;84.0992;-1.3740;-1.4172;83.7151;270.0;270.0;270.0;270.0
93.0;1.8168;1.7537;-0.5069;0.0000;290;326;-0.0635;85.0229;-1.3969;-1.4392;84.5147;270.0;270.0;270.0;270.0
93.5;1.8260;1.7633;-0.4808;0.0000;284;320;0.0929;85.9466;-1.4198;-1.4612;85.3144;270.0;270.0;270.0;270.0
94.0;1.8342;1.7724;-0.5453;0.0000;277;316;-0.0635;86.8779;-1.4427;-1.4612;86.1140;270.0;270.0;270.0;270.0
94.5;1.8429;1.7811;-0.5714;0.0000;269;310;0.0929;87.8015;-1.4656;-1.4831;87.7132;270.0;270.0;270.0;270.0
95.0;1.8503;1.7894;-0.4176;0.0000;267;298;0.0049;88.6794;-1.4885;-1.5051;88.5128;270.0;270.0;270.0;270.0
95.5;1.8585;1.7972;-0.4162;0.0000;261;292;-0.0733;89.6031;-1.5114;-1.5051;89.3124;270.0;270.0;270.0;270.0
96.0;1.8640;1.8049;-0.2527;0.0000;257;281;-0.0733;90.4504;-1.5344;-1.5271;90.1120;270.0;270.0;270.0;270.0
96.5;1.8700;1.8118;-0.2898;0.0000;249;275;0.0049;91.3359;-1.5573;-1.5271;90.9116;270.0;270.0;270.0;270.0
97.0;1.8745;1.8187;-0.2843;0.0000;243;269;0.0831;92.2595;-1.5878;-1.5271;91.7112;270.0;270.0;270.0;270.0
97.5;1.8791;1.8251;-0.3681;0.0000;236;265;-0.0733;93.1832;-1.6107;-1.5490;92.5108;270.0;270.0;270.0;270.0
98.0;1.8823;1.8310;-0.2212;0.0000;234;255;0.0831;94.1069;-1.6336;-1.5490;94.1101;270.0;270.0;270.0;270.0
98.5;1.8855;1.8361;-0.2720;0.0000;226;251;0.0831;95.0305;-1.6565;-1.5490;94.9097;270.0;270.0;270.0;270.0
99.0;1.8878;1.8411;-0.2720;0.0000;220;247;0.0049;95.9160;-1.6794;-1.5710;95.7093;270.0;270.0;270.0;270.0
99.5;1.8901;1.8462;-0.2665;0.0000;212;239;0.0831;96.8397;-1.7099;-1.5710;96.5089;270.0;270.0;270.0;270.0
100.0;1.8929;1.8503;-0.2692;0.0000;206;236;0.0831;97.7634;-1.7328;-1.5710;97.3085;270.0;270.0;270.0;270.0
100.5;1.8947;1.8539;-0.1264;0.0000;204;226;0.0831;98.6870;-1.7557;-1.5930;98.1081;270.0;270.0;270.0;270.0
101.0;1.8961;1.8576;-0.2981;0.0000;195;224;0.0049;99.5725;-1.7863;-1.5930;98.9077;270.0;270.0;270.0;270.0
101.5;1.8979;1.8603;-0.1937;0.0000;191;216;0.0049;100.5344;-1.8092;-1.5930;100.5069;270.0;270.0;270.0;270.0
102.0;1.8997;1.8631;-0.2225;0.0000;183;210;0.0831;101.4580;-1.8321;-1.6150;101.3066;270.0;270.0;270.0;270.0
102.5;1.9016;1.8649;-0.1016;0.0000;181;200;-0.0049;102.4198;-1.8626;-1.6150;102.1062;270.0;270.0;270.0;270.0
103.0;1.9020;1.8668;-0.0467;0.0000;177;193;0.0733;103.3435;-1.8855;-1.6150;102.9058;270.0;270.0;270.0;270.0
103.5;1.9011;1.8681;0.1538;0.0000;173;181;0.0733;104.1908;-1.9084;-1.6150;103.7054;270.0;270.0;270.0;270.0
104.0;1.9006;1.8690;0.1442;0.0000;167;177;-0.0147;105.1527;-1.9389;-1.5930;104.5050;270.0;270.0;270.0;270.0
104.5;1.8997;1.8695;0.2060;0.0000;163;169;0.0733;106.0763;-1.9618;-1.5930;105.3046;270.0;270.0;270.0;270.0
105.0;1.8988;1.8700;0.2239;0.0000;157;161;-0.0929;107.0000;-1.9924;-1.5930;106.9038;270.0;270.0;270.0;270.0
105.5;1.8970;1.8700;0.1758;0.0000;155;161;-0.0147;107.8855;-2.0153;-1.5930;107.7034;270.0;270.0;270.0;270.0
106.0;1.8951;1.8700;0.3022;0.0000;165;167;0.0733;0.9237;0.0000;-0.0109;0.5557;270.0;270.0;270.0;270.0
106.5;1.8933;1.8709;0.2129;0.0000;173;177;-0.0929;1.8473;0.0000;-0.0109;1.3553;270.0;270.0;270.0;270.0
107.0;1.8915;1.8723;0.2445;0.0000;183;185;-0.0147;2.7328;0.0000;0.0111;2.1549;270.0;270.0;270.0;270.0
107.5;1.8901;1.8741;0.2637;0.0000;191;193;0.0635;3.6565;0.0000;0.0111;2.9546;270.0;270.0;270.0;270.0
108.0;1.8887;1.8759;0.1854;0.0000;198;204;-0.0147;4.5344;0.0000;0.0111;3.7542;270.0;270.0;270.0;270.0
108.5;1.8887;1.8782;0.3942;0.0000;214;208;-0.0147;5.5038;0.0000;0.0331;5.3534;270.0;270.0;270.0;270.0
109.0;1.8887;1.8814;0.4794;0.0000;224;218;0.0635;6.4275;0.0000;0.0331;6.1530;270.0;270.0;270.0;270.0
109.5;1.8892;1.8846;0.5742;0.0000;236;222;-0.1026;7.3511;0.0000;0.0551;6.9526;270.0;270.0;270.0;270.0
110.0;1.8910;1.8883;0.6442;0.0000;247;230;-0.0244;8.3130;0.0000;0.0770;7.7522;270.0;270.0;270.0;270.0
110.5;1.8933;1.8924;0.5728;0.0000;253;241;-0.0244;9.2824;0.0000;0.0990;8.5518;270.0;270.0;270.0;270.0
111.0;1.8951;1.8970;0.4890;0.0000;261;251;-0.0244;10.1679;0.0000;0.0990;10.1510;270.0;270.0;270.0;270.0
111.5;1.8974;1.9020;0.4574;0.0000;271;263;-0.1026;11.0916;0.0076;0.1210;10.9506;270.0;270.0;270.0;270.0
112.0;1.9002;1.9075;0.3297;0.0000;277;275;-0.0147;12.0534;0.0076;0.1210;11.7503;270.0;270.0;270.0;270.0
112.5;1.9029;1.9130;0.2431;0.0000;284;286;-0.0147;12.9389;0.0076;0.1430;12.5499;270.0;270.0;270.0;270.0
113.0;1.9057;1.9194;0.2541;0.0000;294;296;0.1515;13.9008;0.0153;0.1430;13.3495;270.0;270.0;270.0;270.0
113.5;1.9098;1.9258;0.2225;0.0000;304;308;-0.0929;14.8244;0.0153;0.1430;14.1491;270.0;270.0;270.0;270.0
114.0;1.9144;1.9327;0.4272;0.0000;320;312;-0.0244;15.7939;0.0153;0.1649;15.7483;270.0;270.0;270.0;270.0
114.5;1.9190;1.9405;0.3942;0.0000;327;322;-0.0147;16.7557;0.0229;0.1649;16.5479;270.0;270.0;270.0;270.0
115.0;1.9240;1.9483;0.4766;0.0000;341;331;-0.0244;17.7176;0.0229;0.1869;17.3475;270.0;270.0;270.0;270.0
115.5;1.9295;1.9565;0.4313;0.0000;351;341;-0.0244;18.6870;0.0305;0.2089;18.1471;270.0;270.0;270.0;270.0
116.0;1.9368;1.9652;0.3558;0.0000;361;355;-0.0929;19.6870;0.0305;0.2089;18.9467;270.0;270.0;270.0;270.0
116.5;1.9437;1.9744;0.2143;0.0000;369;370;-0.0147;20.6565;0.0382;0.2089;20.5460;270.0;270.0;270.0;270.0
117.0;1.9505;1.9835;0.2212;0.0000;378;380;-0.0147;21.6183;0.0382;0.2308;21.3456;270.0;270.0;270.0;270.0
117.5;1.9574;1.9936;-0.0412;0.0000;382;398;-0.0049;22.5802;0.0458;0.2308;22.1452;270.0;270.0;270.0;270.0
118.0;1.9643;2.0037;-0.1951;0.0000;392;415;-0.0831;23.5038;0.0458;0.2089;22.9448;270.0;270.0;270.0;270.0
118.5;1.9721;2.0147;-0.3709;0.0000;400;433;0.0929;24.5115;0.0534;0.2089;23.7444;270.0;270.0;270.0;270.0
119.0;1.9803;2.0256;-0.5082;0.0000;406;447;0.0147;25.4733;0.0534;0.1869;25.3436;270.0;270.0;270.0;270.0
119.5;1.9895;2.0371;-0.3420;0.0000;425;455;0.0049;26.5191;0.0611;0.1869;26.1432;270.0;270.0;270.0;270.0
120.0;1.9982;2.0490;-0.3832;0.0000;435;466;0.0049;27.5649;0.0611;0.1649;26.9428;270.0;270.0;270.0;270.0
120.5;2.0082;2.0614;-0.2816;0.0000;449;474;-0.0733;28.5725;0.0611;0.1649;28.5421;270.0;270.0;270.0;270.0
121.0;2.0188;2.0742;-0.2967;0.0000;462;490;0.0831;29.6565;0.0687;0.1430;29.3417;270.0;270.0;270.0;270.0
121.5;2.0302;2.0875;-0.3942;0.0000;474;507;-0.0733;30.7405;0.0687;0.1430;30.1413;270.0;270.0;270.0;270.0
122.0;2.0435;2.1012;-0.5755;0.0000;480;523;0.0147;31.8702;0.0763;0.1210;31.7405;270.0;270.0;270.0;270.0
122.5;2.0572;2.1154;-0.5206;0.0000;494;531;-0.0635;32.9542;0.0763;0.0990;32.5401;270.0;270.0;270.0;270.0
123.0;2.0728;2.1296;-0.6305;0.0000;503;546;-0.0635;34.1145;0.0763;0.0990;33.3397;270.0;270.0;270.0;270.0
123.5;2.0879;2.1447;-0.6676;0.0000;513;560;-0.0635;35.2061;0.0763;0.0770;34.9389;270.0;270.0;270.0;270.0
124.0;2.1035;2.1598;-0.6195;0.0000;525;568;0.0147;36.3282;0.0840;0.0551;35.7386;270.0;270.0;270.0;270.0
124.5;2.1200;2.1754;-0.5989;0.0000;535;578;-0.0635;37.4962;0.0840;0.0331;37.3378;270.0;270.0;270.0;270.0
125.0;2.1364;2.1914;-0.4684;0.0000;552;587;0.0147;38.6183;0.0840;0.0331;38.1374;270.0;270.0;270.0;270.0
125.5;2.1538;2.2079;-0.5920;0.0000;558;599;-0.0635;39.7863;0.0840;0.0111;39.7366;270.0;270.0;270.0;270.0
126.0;2.1722;2.2248;-0.6277;0.0000;568;613;0.0929;40.9466;0.0840;-0.0109;40.5362;270.0;270.0;270.0;270.0
126.5;2.1918;2.2422;-0.6868;0.0000;578;627;-0.0635;42.1985;0.0840;-0.0328;42.1354;270.0;270.0;270.0;270.0
127.0;2.2129;2.2596;-0.7898;0.0000;580;636;0.0244;43.4046;0.0840;-0.0548;42.9350;270.0;270.0;270.0;270.0
127.5;2.2353;2.2775;-0.8503;0.0000;578;636;0.0244;44.6870;0.0840;-0.0768;44.5343;270.0;270.0;270.0;270.0
128.0;2.2573;2.2949;-0.9121;0.0000;578;640;0.0244;45.8931;0.0763;-0.0988;45.3339;270.0;270.0;270.0;270.0
128.5;2.2802;2.3123;-0.8929;0.0000;578;640;0.1026;47.2214;0.0763;-0.1207;46.9331;270.0;270.0;270.0;270.0
129.0;2.3036;2.3297;-0.9808;0.0000;572;640;0.0244;48.5878;0.0763;-0.1647;48.5323;270.0;270.0;270.0;270.0
129.5;2.3274;2.3471;-1.1277;0.0000;568;644;0.0342;49.8702;0.0687;-0.1867;49.3319;270.0;270.0;270.0;270.0
130.0;2.3512;2.3649;-1.3764;0.0000;552;644;0.1222;51.1985;0.0687;-0.2306;50.9311;270.0;270.0;270.0;270.0
130.5;2.3755;2.3823;-1.6566;0.0000;544;650;0.0538;52.5649;0.0611;-0.2746;52.5304;270.0;270.0;270.0;270.0
131.0;2.4011;2.3997;-1.6236;0.0000;543;646;0.1320;53.9695;0.0534;-0.3185;53.3300;270.0;270.0;270.0;270.0
131.5;2.4281;2.4171;-1.8310;0.0000;533;650;0.2199;55.4198;0.0458;-0.3844;54.9292;270.0;270.0;270.0;270.0
132.0;2.4551;2.4350;-1.7115;0.0000;529;642;0.2981;56.9084;0.0382;-0.4284;56.5284;270.0;270.0;270.0;270.0
132.5;2.4817;2.4524;-1.9437;0.0000;513;640;0.2199;58.3511;0.0229;-0.4723;58.1276;270.0;270.0;270.0;270.0
133.0;2.5101;2.4698;-2.3530;0.0000;494;646;0.3177;59.9160;0.0076;-0.5602;59.7268;270.0;270.0;270.0;270.0
133.5;2.5380;2.4872;-2.5206;0.0000;484;646;0.4057;61.3664;-0.0076;-0.6261;61.3261;270.0;270.0;270.0;270.0
134.0;2.5513;2.5046;-2.8997;0.0000;476;646;0.4936;62.8550;-0.0229;-0.6921;62.1257;270.0;270.0;270.0;270.0
134.5;2.5705;2.5224;-3.0440;0.0000;470;652;0.5034;64.4198;-0.0382;-0.7800;63.7249;270.0;270.0;270.0;270.0
135.0;2.5925;2.5398;-3.5522;0.0000;455;670;0.5230;65.9084;-0.0611;-0.8898;65.3241;270.0;270.0;270.0;270.0
135.5;2.6158;2.5572;-3.7926;0.0000;447;677;0.5327;67.4733;-0.0916;-0.9997;66.9233;270.0;270.0;270.0;270.0
136.0;2.6397;2.5746;-3.7885;0.0000;441;674;0.4448;68.9237;-0.1145;-1.1096;68.5226;270.0;270.0;270.0;270.0
136.5;2.6635;2.5920;-3.2266;0.0000;453;658;0.4252;70.4504;-0.1450;-1.1975;70.1218;270.0;270.0;270.0;270.0
137.0;2.6864;2.6099;-2.7830;0.0000;460;642;0.3372;71.9313;-0.1756;-1.2854;71.7210;270.0;270.0;270.0;270.0
137.5;2.7088;2.6273;-2.0179;0.0000;478;617;0.2297;73.3817;-0.2137;-1.3293;73.3202;270.0;270.0;270.0;270.0
138.0;2.7308;2.6447;-1.8187;0.0000;480;611;0.2199;74.8244;-0.2443;-1.3952;74.1198;270.0;270.0;270.0;270.0
138.5;2.7532;2.6621;-1.4739;0.0000;488;599;0.2102;76.2748;-0.2824;-1.4392;75.7190;270.0;270.0;270.0;270.0
139.0;2.7743;2.6799;-1.5343;0.0000;482;601;0.3666;77.7176;-0.3130;-1.4831;77.3183;270.0;270.0;270.0;270.0
139.5;2.7949;2.6973;-1.3132;0.0000;486;595;0.2786;79.1298;-0.3511;-1.5051;78.9175;270.0;270.0;270.0;270.0
140.0;2.8136;2.7147;-0.9176;0.0000;494;584;0.1906;80.5725;-0.3893;-1.5490;80.5167;270.0;270.0;270.0;270.0
140.5;2.8320;2.7321;-0.7253;0.0000;500;578;0.1808;81.9389;-0.4275;-1.5710;81.3163;270.0;270.0;270.0;270.0
141.0;2.8489;2.7495;-0.4409;0.0000;507;570;0.0147;83.3893;-0.4656;-1.5710;82.9155;270.0;270.0;270.0;270.0
141.5;2.8645;2.7669;-0.1387;0.0000;511;558;0.0831;84.7939;-0.5038;-1.5710;84.5147;270.0;270.0;270.0;270.0
142.0;2.8791;2.7834;0.7349;0.0000;531;529;-0.0342;86.1603;-0.5420;-1.5490;86.1140;270.0;270.0;270.0;270.0
142.5;2.8924;2.7999;0.9368;0.0000;529;515;-0.0342;87.5267;-0.5802;-1.5271;86.9136;270.0;270.0;270.0;270.0
143.0;2.9043;2.8155;1.4835;0.0000;537;494;0.0244;88.8473;-0.6107;-1.4831;88.5128;270.0;270.0;270.0;270.0
143.5;2.9162;2.8310;1.4148;0.0000;529;490;-0.0538;90.2977;-0.6489;-1.4392;90.1120;270.0;270.0;270.0;270.0
144.0;2.9277;2.8462;1.6896;0.0000;531;476;-0.0635;91.7405;-0.6870;-1.3952;91.7112;270.0;270.0;270.0;270.0
144.5;2.9391;2.8608;1.7582;0.0000;527;468;-0.1515;93.2290;-0.7252;-1.3513;92.5108;270.0;270.0;270.0;270.0
145.0;2.9505;2.8750;1.8571;0.0000;519;457;-0.0635;94.5954;-0.7557;-1.2854;94.1101;270.0;270.0;270.0;270.0
145.5;2.9620;2.8887;1.5659;0.0000;507;458;-0.0635;96.1221;-0.7863;-1.2414;95.7093;270.0;270.0;270.0;270.0
146.0;2.9734;2.9020;1.0234;0.0000;486;466;-0.0440;97.6489;-0.8168;-1.2194;97.3085;270.0;270.0;270.0;270.0
146.5;2.9844;2.9148;1.1387;0.0000;482;457;-0.1222;99.1374;-0.8473;-1.1975;98.9077;270.0;270.0;270.0;270.0
147.0;2.9945;2.9277;0.8352;0.0000;468;458;-0.0342;100.5802;-0.8779;-1.1535;100.5069;270.0;270.0;270.0;270.0
147.5;3.0050;2.9396;1.1896;0.0000;470;439;-0.1222;102.0687;-0.9084;-1.1315;101.3066;270.0;270.0;270.0;270.0
148.0;3.0151;2.9515;0.5975;0.0000;449;451;-0.0244;103.5954;-0.9389;-1.1096;102.9058;270.0;270.0;270.0;270.0
148.5;3.0261;2.9629;0.8269;0.0000;449;437;-0.0342;105.1221;-0.9695;-1.0876;104.5050;270.0;270.0;270.0;270.0
149.0;3.0371;2.9734;0.3571;0.0000;429;443;0.0635;106.6870;-1.0000;-1.0876;106.1042;270.0;270.0;270.0;270.0
149.5;3.0485;2.9840;0.3970;0.0000;423;433;0.0635;108.2595;-1.0229;-1.0656;107.7034;270.0;270.0;270.0;270.0
150.0;3.0600;2.9940;0.4025;0.0000;413;423;0.1417;109.8626;-1.0534;-1.0656;109.3027;270.0;270.0;270.0;270.0
150.5;3.0710;3.0037;0.5069;0.0000;410;415;0.0538;111.4351;-1.0840;-1.0436;110.9019;270.0;270.0;270.0;270.0
151.0;3.0824;3.0133;0.1593;0.0000;392;415;0.0733;113.0763;-1.1145;-1.0436;112.5011;270.0;270.0;270.0;270.0
151.5;3.0925;3.0220;-0.2734;0.0000;372;417;-0.0733;114.6489;-1.1450;-1.0436;114.1003;270.0;270.0;270.0;270.0
152.0;3.1026;3.0302;-0.0536;0.0000;370;404;-0.0049;116.1756;-1.1679;-1.0436;115.6995;270.0;270.0;270.0;270.0
152.5;3.1113;3.0385;-0.3544;0.0000;355;402;0.0049;117.7786;-1.1985;-1.0656;117.2988;270.0;270.0;270.0;270.0
153.0;3.1195;3.0458;0.0371;0.0000;357;382;-0.0049;119.3893;-1.2290;-1.0656;118.8980;270.0;270.0;270.0;270.0
153.5;3.1287;3.0531;-0.3860;0.0000;339;384;-0.0733;121.0382;-1.2595;-1.0656;120.4972;270.0;270.0;270.0;270.0
154.0;3.1364;3.0600;-0.3695;0.0000;331;374;-0.1515;122.5649;-1.2901;-1.0876;122.0964;270.0;270.0;270.0;270.0
154.5;3.1438;3.0664;-0.4478;0.0000;324;369;-0.1515;124.1679;-1.3206;-1.0876;123.6956;270.0;270.0;270.0;270.0
155.0;3.1511;3.0723;-0.4258;0.0000;316;359;0.0147;125.7786;-1.3511;-1.1096;125.2948;270.0;270.0;270.0;270.0
155.5;3.1589;3.0778;-0.2184;0.0000;312;345;0.0049;127.3817;-1.3817;-1.1096;126.8941;270.0;270.0;270.0;270.0
156.0;3.1662;3.0829;-0.6360;0.0000;292;347;0.1026;129.0305;-1.4122;-1.1315;128.4933;270.0;270.0;270.0;270.0
156.5;3.1726;3.0875;-0.6181;0.0000;284;337;0.0929;130.5954;-1.4427;-1.1535;130.0925;270.0;270.0;270.0;270.0
157.0;3.1790;3.0920;-0.8750;0.0000;269;335;0.1026;132.2443;-1.4733;-1.1755;131.6917;270.0;270.0;270.0;270.0
157.5;3.1841;3.0957;-0.3283;0.0000;275;314;0.0049;133.7710;-1.5038;-1.1755;133.2909;270.0;270.0;270.0;270.0
158.0;3.1882;3.0994;-0.6484;0.0000;257;314;0.0147;135.3817;-1.5344;-1.1975;134.8902;270.0;270.0;270.0;270.0
158.5;3.1914;3.1026;-0.0220;0.0000;265;290;0.0733;136.9466;-1.5725;-1.1975;136.4894;270.0;270.0;270.0;270.0
159.0;3.1941;3.1049;-0.1854;0.0000;253;286;0.0049;138.4733;-1.6031;-1.1975;138.0886;270.0;270.0;270.0;270.0
159.5;3.1955;3.1071;-0.0907;0.0000;249;277;-0.0049;140.0840;-1.6336;-1.1975;139.6878;270.0;270.0;270.0;270.0
160.0;3.1964;3.1090;-0.2280;0.0000;238;273;-0.0733;141.6488;-1.6718;-1.2194;141.2870;270.0;270.0;270.0;270.0
160.5;3.1973;3.1103;-0.0604;0.0000;236;263;0.0733;143.2137;-1.7023;-1.2194;142.8863;270.0;270.0;270.0;270.0
161.0;3.1969;3.1117;0.3764;0.0000;239;245;-0.0147;144.7405;-1.7328;-1.1975;144.4855;270.0;270.0;270.0;270.0
161.5;3.1951;3.1122;0.0206;0.0000;224;245;0.0733;146.3130;-1.7634;-1.1975;146.0847;270.0;270.0;270.0;270.0
162.0;3.1928;3.1122;0.2843;0.0000;224;234;-0.0147;147.8397;-1.8015;-1.1975;147.6839;270.0;270.0;270.0;270.0
162.5;3.1896;3.1122;-0.0481;0.0000;210;238;0.0733;149.3206;-1.8321;-1.1975;149.2831;270.0;270.0;270.0;270.0
163.0;3.1845;3.1113;0.2953;0.0000;214;226;0.0635;150.8092;-1.8626;-1.1975;150.0827;270.0;270.0;270.0;270.0
163.5;3.1799;3.1103;0.1909;0.0000;208;226;0.0733;152.3741;-1.8931;-1.1755;151.6820;270.0;270.0;270.0;270.0
164.0;3.1735;3.1090;0.5646;0.0000;214;210;-0.0244;153.8244;-1.9237;-1.1755;153.2812;270.0;270.0;270.0;270.0
164.5;3.1662;3.1071;0.4451;0.0000;208;210;-0.1026;155.3130;-1.9542;-1.1535;154.8804;270.0;270.0;270.0;270.0
165.0;3.1589;3.1049;0.2308;0.0000;200;214;0.0635;156.8779;-1.9847;-1.1535;156.4796;270.0;270.0;270.0;270.0
165.5;3.1511;3.1021;0.0769;0.0000;195;214;-0.0049;158.3206;-2.0076;-1.1535;158.0788;270.0;270.0;270.0;270.0
166.0;3.1438;3.0989;0.0453;0.0000;191;212;-0.0049;159.8550;-2.0382;-1.1535;159.6781;270.0;270.0;270.0;270.0
166.5;3.1360;3.0952;0.4574;0.0000;198;200;-0.0244;161.2977;-2.0687;-1.1315;161.2773;270.0;270.0;270.0;270.0
167.0;3.1273;3.0911;0.1813;0.0000;187;202;-0.0147;162.8244;-2.0992;-1.1315;162.0769;270.0;270.0;270.0;270.0
167.5;3.1181;3.0870;0.5783;0.0000;195;191;-0.0244;164.3512;-2.1298;-1.1096;163.6761;270.0;270.0;270.0;270.0
168.0;3.1090;3.0824;0.4176;0.0000;189;193;-0.0147;165.8015;-2.1527;-1.0876;165.2753;270.0;270.0;270.0;270.0
168.5;3.0980;3.0769;0.8750;0.0000;195;177;-0.0342;167.2443;-2.1832;-1.0656;166.8746;270.0;270.0;270.0;270.0
169.0;3.0879;3.0714;1.0440;0.0000;196;171;-0.0440;168.6947;-2.2061;-1.0436;168.4738;270.0;270.0;270.0;270.0
169.5;3.0769;3.0655;1.4478;0.0000;202;157;-0.0538;170.1374;-2.2366;-0.9997;170.0730;270.0;270.0;270.0;270.0
170.0;3.0650;3.0591;1.4368;0.0000;198;155;-0.0538;171.5038;-2.2595;-0.9557;170.8726;270.0;270.0;270.0;270.0
170.5;3.0531;3.0522;1.1154;0.0000;191;159;-0.0440;172.9542;-2.2824;-0.9338;172.4718;270.0;270.0;270.0;270.0
171.0;3.0403;3.0449;1.6181;0.0000;198;146;0.0147;174.3588;-2.3053;-0.8898;174.0710;270.0;270.0;270.0;270.0
171.5;3.0275;3.0371;1.4409;0.0000;193;148;-0.1320;175.8473;-2.3282;-0.8459;175.6703;270.0;270.0;270.0;270.0
172.0;3.0151;3.0293;1.6937;0.0000;195;138;-0.0635;177.2901;-2.3435;-0.7800;177.2695;270.0;270.0;270.0;270.0
172.5;3.0037;3.0206;1.1470;0.0000;179;148;0.0342;178.6947;-2.3664;-0.7580;178.0691;270.0;270.0;270.0;270.0
173.0;2.9913;3.0119;0.9547;0.0000;171;150;-0.0342;180.1450;-2.3817;-0.7360;179.6683;270.0;270.0;270.0;270.0
173.5;2.9803;3.0023;0.4588;0.0000;155;157;-0.0244;181.5878;-2.4046;-0.7140;181.2675;270.0;270.0;270.0;270.0
174.0;2.9689;2.9927;0.5577;0.0000;152;150;0.0538;183.0763;-2.4198;-0.6921;182.8667;270.0;270.0;270.0;270.0
174.5;2.9574;2.9826;0.6250;0.0000;150;144;0.0538;184.4809;-2.4351;-0.6921;184.4660;270.0;270.0;270.0;270.0
175.0;2.9451;2.9721;0.6964;0.0000;146;138;0.1320;185.9313;-2.4504;-0.6701;185.2656;270.0;270.0;270.0;270.0
175.5;2.9327;2.9611;0.7321;0.0000;142;132;0.0538;187.3359;-2.4656;-0.6481;186.8648;270.0;270.0;270.0;270.0
176.0;2.9203;2.9496;0.4547;0.0000;132;134;-0.0244;188.7863;-2.4809;-0.6261;188.4640;270.0;270.0;270.0;270.0
176.5;2.9080;2.9377;1.0797;0.0000;140;112;0.0342;190.2748;-2.5038;-0.6042;190.0632;270.0;270.0;270.0;270.0
177.0;2.8965;2.9258;0.9135;0.0000;132;110;-0.0342;191.7176;-2.5114;-0.5822;191.6625;270.0;270.0;270.0;270.0
177.5;2.8846;2.9130;1.3036;0.0000;134;97;0.0244;193.2061;-2.5267;-0.5382;192.4621;270.0;270.0;270.0;270.0
178.0;2.8723;2.9002;0.9684;0.0000;120;97;-0.0342;194.6488;-2.5420;-0.5163;194.0613;270.0;270.0;270.0;270.0
178.5;2.8603;2.8864;0.9560;0.0000;114;91;-0.0440;196.1756;-2.5573;-0.4723;195.6605;270.0;270.0;270.0;270.0
179.0;2.8484;2.8727;0.4492;0.0000;97;97;-0.0244;197.6260;-2.5649;-0.4723;197.2597;270.0;270.0;270.0;270.0
179.5;2.8361;2.8585;0.5179;0.0000;93;87;0.0538;199.1145;-2.5802;-0.4503;198.8589;270.0;270.0;270.0;270.0
180.0;2.8237;2.8439;0.5234;0.0000;85;79;-0.0244;200.5573;-2.5878;-0.4284;200.4582;270.0;270.0;270.0;270.0
180.5;2.8118;2.8288;0.0948;0.0000;67;83;-0.0049;202.0840;-2.6031;-0.4284;202.0574;270.0;270.0;270.0;270.0
181.0;2.7995;2.8132;0.0975;0.0000;60;75;0.0733;203.5725;-2.6107;-0.4284;202.8570;270.0;270.0;270.0;270.0
181.5;2.7866;2.7972;-0.1841;0.0000;46;75;-0.0831;204.9771;-2.6183;-0.4284;204.4562;270.0;270.0;270.0;270.0
182.0;2.7734;2.7811;0.3324;0.0000;50;56;-0.0147;206.4275;-2.6336;-0.4284;206.0554;270.0;270.0;270.0;270.0
182.5;2.7592;2.7642;0.1951;0.0000;38;52;0.0733;207.7557;-2.6412;-0.4284;207.6547;270.0;270.0;270.0;270.0
183.0;2.7440;2.7473;0.3558;0.0000;36;38;-0.0147;209.1985;-2.6489;-0.4064;208.4543;270.0;270.0;270.0;270.0
183.5;2.7285;2.7299;0.0742;0.0000;24;38;-0.0831;210.5267;-2.6641;-0.4064;210.0535;270.0;270.0;270.0;270.0
184.0;2.7125;2.7120;0.1525;0.0000;24;34;-0.0147;211.8931;-2.6718;-0.4064;211.6527;270.0;270.0;270.0;270.0
184.5;2.6946;2.6946;-0.2308;0.0000;15;40;0.0049;213.1756;-2.6794;-0.4064;212.4523;270.0;270.0;270.0;270.0
185.0;2.6758;2.6772;0.0549;0.0000;19;32;-0.0049;214.4657;-2.6870;-0.4064;214.0515;270.0;270.0;270.0;270.0
185.5;2.6566;2.6598;0.1442;0.0000;21;30;-0.0929;215.7099;-2.6947;-0.4064;215.6508;270.0;270.0;270.0;270.0
186.0;2.6364;2.6419;-0.1319;0.0000;15;36;0.0831;216.9542;-2.7023;-0.4064;216.4504;270.0;270.0;270.0;270.0
186.5;2.6154;2.6245;-0.0371;0.0000;17;34;-0.0049;218.2443;-2.7176;-0.4064;218.0496;270.0;270.0;270.0;270.0
187.0;2.5943;2.6071;-0.3104;0.0000;11;40;0.0049;219.4504;-2.7252;-0.4284;218.8492;270.0;270.0;270.0;270.0
187.5;2.5737;2.5897;0.1360;0.0000;21;32;-0.0049;220.7328;-2.7328;-0.4064;220.4484;270.0;270.0;270.0;270.0
188.0;2.5531;2.5723;0.0096;0.0000;19;34;-0.0049;221.9389;-2.7405;-0.4064;221.2480;270.0;270.0;270.0;270.0
188.5;2.5325;2.5545;0.2445;0.0000;24;30;0.0635;223.1832;-2.7481;-0.4064;222.8472;270.0;270.0;270.0;270.0
189.0;2.5114;2.5371;0.0440;0.0000;21;34;0.0733;224.3512;-2.7557;-0.4064;223.6469;270.0;270.0;270.0;270.0
189.5;2.4913;2.5197;0.1209;0.0000;22;32;-0.0929;225.5954;-2.7634;-0.4064;225.2461;270.0;270.0;270.0;270.0
190.0;2.4707;2.5023;0.3571;0.0000;28;28;-0.0147;226.7252;-2.7710;-0.3844;226.0457;270.0;270.0;270.0;270.0
190.5;2.4487;2.4844;0.5041;0.0000;30;26;0.0538;227.8092;-2.7786;-0.3844;227.6449;270.0;270.0;270.0;270.0
191.0;2.4277;2.4670;0.4313;0.0000;30;28;-0.0244;229.0153;-2.7863;-0.3624;228.4445;270.0;270.0;270.0;270.0
191.5;2.4066;2.4501;0.0357;0.0000;26;44;0.0733;230.1832;-2.7939;-0.3624;230.0437;270.0;270.0;270.0;270.0
192.0;2.3851;2.4332;0.0824;0.0000;32;50;-0.0049;231.3053;-2.8015;-0.3624;230.8433;270.0;270.0;270.0;270.0
192.5;2.3636;2.4171;-0.1772;0.0000;34;62;-0.0831;232.3893;-2.8092;-0.3624;231.6429;270.0;270.0;270.0;270.0
193.0;2.3425;2.4011;0.2788;0.0000;52;58;-0.0147;233.5115;-2.8168;-0.3624;233.2422;270.0;270.0;270.0;270.0
193.5;2.3214;2.3860;0.1580;0.0000;54;67;0.0733;234.6031;-2.8244;-0.3624;234.0418;270.0;270.0;270.0;270.0
194.0;2.3004;2.3709;0.5453;0.0000;69;65;-0.0244;235.6488;-2.8321;-0.3405;235.6410;270.0;270.0;270.0;270.0
194.5;2.2798;2.3562;0.3736;0.0000;73;75;-0.0147;236.6870;-2.8321;-0.3185;236.4406;270.0;270.0;270.0;270.0
195.0;2.2601;2.3420;0.4245;0.0000;81;81;-0.0147;237.7328;-2.8397;-0.3185;237.2402;270.0;270.0;270.0;270.0
195.5;2.2413;2.3283;0.7047;0.0000;97;81;-0.1124;238.8168;-2.8473;-0.2965;238.8394;270.0;270.0;270.0;270.0
196.0;2.2234;2.3150;0.8242;0.0000;105;85;-0.0342;239.8626;-2.8473;-0.2746;239.6391;270.0;270.0;270.0;270.0
196.5;2.2056;2.3017;0.9547;0.0000;116;89;-0.0342;240.9084;-2.8550;-0.2526;240.4387;270.0;270.0;270.0;270.0
197.0;2.1886;2.2894;0.5618;0.0000;112;105;-0.0244;241.9542;-2.8626;-0.2306;241.2383;270.0;270.0;270.0;270.0
197.5;2.1722;2.2770;0.9506;0.0000;128;103;0.0440;243.0382;-2.8626;-0.2086;242.8375;270.0;270.0;270.0;270.0
198.0;2.1561;2.2656;0.7088;0.0000;130;114;-0.0342;244.0840;-2.8702;-0.1867;243.6371;270.0;270.0;270.0;270.0
198.5;2.1410;2.2541;1.1140;0.0000;148;112;-0.2004;245.1298;-2.8702;-0.1427;244.4367;270.0;270.0;270.0;270.0
199.0;2.1259;2.2431;0.9066;0.0000;148;122;-0.0342;246.1756;-2.8702;-0.1207;246.0359;270.0;270.0;270.0;270.0
199.5;2.1108;2.2326;1.2816;0.0000;163;120;0.0342;247.1832;-2.8702;-0.0768;246.8355;270.0;270.0;270.0;270.0
200.0;2.0971;2.2225;0.9190;0.0000;163;138;-0.0342;248.2214;-2.8779;-0.0548;247.6351;270.0;270.0;270.0;270.0
200.5;2.0833;2.2129;0.8901;0.0000;169;144;-0.0342;249.2672;-2.8779;-0.0328;249.2344;270.0;270.0;270.0;270.0
201.0;2.0710;2.2028;1.1291;0.0000;171;136;-0.0440;250.2672;-2.8779;-0.0109;250.0340;270.0;270.0;270.0;270.0
201.5;2.0586;2.1932;1.0316;0.0000;175;144;-0.1222;250.2672;-2.8779;0.0331;250.8336;270.0;270.0;270.0;270.0
202.0;2.0481;2.1841;1.1772;0.0000;185;146;-0.0440;250.2672;-2.8779;0.0551;251.6332;270.0;270.0;270.0;270.0
202.5;2.0375;2.1754;0.6113;0.0000;179;163;-0.1026;250.2672;-2.8702;0.0770;253.2324;270.0;270.0;270.0;270.0
203.0;2.0279;2.1667;0.8297;0.0000;189;165;-0.0342;250.2672;-2.8702;0.0990;254.0320;270.0;270.0;270.0;270.0
203.5;2.0183;2.1589;0.3832;0.0000;185;181;-0.0147;250.2672;-2.8702;0.1210;254.8316;270.0;270.0;270.0;270.0
204.0;2.0092;2.1511;0.6635;0.0000;196;179;-0.1124;250.2672;-2.8626;0.1210;256.4308;270.0;270.0;270.0;270.0
204.5;2.0018;2.1438;0.6291;0.0000;202;187;0.0538;250.2672;-2.8626;0.1430;257.2305;270.0;270.0;270.0;270.0
205.0;1.9954;2.1374;0.3310;0.0000;200;198;-0.0147;250.2672;-2.8626;0.1649;258.0301;270.0;270.0;270.0;270.0
205.5;1.9895;2.1310;0.2184;0.0000;202;206;-0.0147;250.2672;-2.8550;0.1649;259.6293;270.0;270.0;270.0;270.0
206.0;1.9849;2.1250;0.0948;0.0000;204;214;0.1515;250.2672;-2.8550;0.1649;260.4289;270.0;270.0;270.0;270.0
206.5;1.9808;2.1195;0.3132;0.0000;212;214;0.1417;250.2672;-2.8473;0.1869;261.2285;270.0;270.0;270.0;270.0
207.0;1.9771;2.1140;0.1181;0.0000;212;226;0.1515;250.2672;-2.8473;0.1869;262.0281;270.0;270.0;270.0;270.0
207.5;1.9730;2.1094;0.4437;0.0000;226;222;0.0635;250.2672;-2.8397;0.1869;263.6273;270.0;270.0;270.0;270.0
208.0;1.9698;2.1053;0.2225;0.0000;226;232;-0.0147;250.2672;-2.8397;0.2089;264.4269;270.0;270.0;270.0;270.0
208.5;1.9670;2.1012;0.5288;0.0000;238;230;-0.0244;250.2672;-2.8321;0.2089;265.2266;270.0;270.0;270.0;270.0
209.0;1.9652;2.0998;0.3310;0.0000;265;265;-0.0147;250.2672;-2.8321;0.2308;266.8258;270.0;270.0;270.0;270.0
209.5;1.9657;2.0998;0.5646;0.0000;290;281;0.0538;250.2672;-2.8244;0.2308;267.6254;270.0;270.0;270.0;270.0
210.0;1.9689;2.0998;0.5302;0.0000;290;281;0.0538;250.2672;-2.8244;0.2528;269.2246;270.0;270.0;270.0;270.0
210.5;1.9734;2.0998;0.3077;0.0000;284;286;-0.0147;250.2672;-2.8168;0.2748;270.0242;270.0;270.0;270.0;270.0
211.0;1.9794;2.0998;0.1882;0.0000;279;286;-0.0147;250.2672;-2.8092;0.2748;270.8238;270.0;270.0;270.0;270.0
211.5;1.9853;2.0998;0.1868;0.0000;277;283;-0.0147;250.2672;-2.8015;0.2748;272.4230;270.0;270.0;270.0;270.0
212.0;1.9918;2.0998;0.5151;0.0000;281;273;0.0538;250.2672;-2.8015;0.2968;273.2227;270.0;270.0;270.0;270.0
212.5;1.9973;2.0998;0.2335;0.0000;271;275;-0.0147;250.2672;-2.7939;0.2968;274.8219;270.0;270.0;270.0;270.0
213.0;2.0018;2.0998;0.4780;0.0000;273;267;-0.0244;250.2672;-2.7863;0.3187;275.6215;270.0;270.0;270.0;270.0
213.5;2.0073;2.0998;-0.0536;0.0000;259;277;0.0733;250.2672;-2.7786;0.3187;276.4211;270.0;270.0;270.0;270.0
214.0;2.0124;2.0998;-0.0041;0.0000;257;273;-0.0831;250.2672;-2.7786;0.3187;278.0203;270.0;270.0;270.0;270.0
214.5;2.0179;2.0998;-0.0687;0.0000;253;271;0.0733;250.2672;-2.7710;0.2968;278.8199;270.0;270.0;270.0;270.0
215.0;2.0234;2.0998;-0.0357;0.0000;249;267;-0.0049;250.2672;-2.7634;0.2968;280.4192;270.0;270.0;270.0;270.0
215.5;2.0284;2.0998;-0.1071;0.0000;245;265;-0.0049;250.2672;-2.7557;0.2968;281.2188;270.0;270.0;270.0;270.0
216.0;2.0334;2.0998;-0.6250;0.0000;232;275;-0.0635;250.2672;-2.7481;0.2748;282.8180;270.0;270.0;270.0;270.0
216.5;2.0385;2.0998;-0.5467;0.0000;230;269;-0.0635;250.2672;-2.7481;0.2748;283.6176;270.0;270.0;270.0;270.0
217.0;2.0440;2.0998;-0.5742;0.0000;228;267;-0.0635;250.2672;-2.7405;0.2528;284.4172;270.0;270.0;270.0;270.0
217.5;2.0490;2.0998;-0.2404;0.0288;159;326;-0.0049;1.0382;0.0000;-0.0109;0.5557;270.0;270.0;270.0;270.0
218.0;2.0522;2.0998;-0.3242;0.0893;146;337;0.0049;2.1679;-0.0076;-0.0109;2.1549;270.0;270.0;270.0;270.0
218.5;2.0549;2.0998;-0.0673;0.1799;138;339;-0.0049;3.2137;-0.0076;-0.0328;2.9546;270.0;270.0;270.0;270.0
219.0;2.0582;2.0998;-0.3159;0.2995;118;359;0.0831;4.3740;-0.0076;-0.0328;3.7542;270.0;270.0;270.0;270.0
219.5;2.0604;2.0998;-0.1868;0.4492;107;365;0.0049;5.4198;-0.0076;-0.0328;5.3534;270.0;270.0;270.0;270.0
220.0;2.0632;2.0998;0.1387;0.6291;101;369;-0.0049;6.4656;-0.0076;-0.0328;6.1530;270.0;270.0;270.0;270.0
220.5;2.0650;2.0998;0.2500;0.8393;87;380;0.0635;7.5496;-0.0076;-0.0328;6.9526;270.0;270.0;270.0;270.0
221.0;2.0664;2.0998;0.5618;1.0797;122;343;0.0538;8.5573;-0.0076;-0.0109;8.5518;270.0;270.0;270.0;270.0
221.5;2.0682;2.0998;0.6964;1.3489;109;353;0.0538;9.6412;-0.0076;0.0111;9.3514;270.0;270.0;270.0;270.0
222.0;2.0691;2.0998;1.4739;1.6497;109;353;0.0244;10.6489;-0.0076;0.0551;10.1510;270.0;270.0;270.0;270.0
222.5;2.0701;2.0998;1.9313;1.9794;101;357;0.0929;11.6947;0.0000;0.0990;10.9506;270.0;270.0;270.0;270.0
223.0;2.0696;2.0998;2.4959;2.3393;95;361;-0.0929;12.7328;0.0000;0.1869;12.5499;270.0;270.0;270.0;270.0
223.5;2.0696;2.0998;2.7184;2.7294;81;376;0.0538;13.7786;0.0076;0.2528;13.3495;270.0;270.0;270.0;270.0
224.0;2.0705;2.0998;3.0467;3.1497;67;388;0.1320;14.8702;0.0076;0.3407;14.1491;270.0;270.0;270.0;270.0
224.5;2.0728;2.0998;3.1552;3.5989;50;406;0.0440;15.9924;0.0153;0.4286;15.7483;270.0;270.0;270.0;270.0
225.0;2.0751;2.0998;3.6044;4.0797;36;417;0.1124;17.0763;0.0305;0.5385;16.5479;270.0;270.0;270.0;270.0
225.5;2.0765;2.0998;4.0412;4.5893;24;429;0.0929;18.0840;0.0382;0.6484;17.3475;270.0;270.0;270.0;270.0
226.0;2.0778;2.0998;4.5536;5.1291;13;441;0.0733;19.1679;0.0534;0.7802;18.9467;270.0;270.0;270.0;270.0
226.5;2.0778;2.0998;5.1923;5.6992;3;451;-0.0244;20.1298;0.0687;0.9340;19.7464;270.0;270.0;270.0;270.0
227.0;2.0778;2.0998;5.6648;6.2981;-11;464;0.2004;21.2137;0.0840;1.0878;20.5460;270.0;270.0;270.0;270.0
227.5;2.0774;2.0998;6.4931;6.8846;-3;457;0.0929;22.2595;0.1069;1.2856;22.1452;270.0;270.0;270.0;270.0
228.0;2.0769;2.0998;7.0096;7.4588;-3;457;0.1417;23.3435;0.1374;1.4834;22.9448;270.0;270.0;270.0;270.0
228.5;2.0783;2.0998;7.8640;8.0206;7;447;0.1222;24.4275;0.1679;1.7031;23.7444;270.0;270.0;270.0;270.0
229.0;2.0792;2.0998;8.5000;8.5701;9;443;0.1906;25.4733;0.1985;1.9448;25.3436;270.0;270.0;270.0;270.0
229.5;2.0801;2.0998;9.0797;9.1071;13;441;0.1613;26.5191;0.2366;2.2085;26.1432;270.0;270.0;270.0;270.0
230.0;2.0810;2.0998;9.6085;9.6305;13;437;0.1417;27.5649;0.2824;2.4942;26.9428;270.0;270.0;270.0;270.0
230.5;2.0810;2.0998;10.2747;10.1429;19;429;0.1124;28.6107;0.3282;2.7798;28.5421;270.0;270.0;270.0;270.0
231.0;2.0810;2.0998;11.0989;10.6415;28;419;0.1808;29.6107;0.3817;3.0875;29.3417;270.0;270.0;270.0;270.0
231.5;2.0815;2.0998;11.8352;11.1277;36;410;0.1417;30.6947;0.4427;3.4391;30.1413;270.0;270.0;270.0;270.0
232.0;2.0824;2.0998;12.6662;11.6017;48;398;0.0342;31.7328;0.5038;3.7906;31.7405;270.0;270.0;270.0;270.0
232.5;2.0829;2.0998;13.3970;12.0646;56;388;0.0831;32.8168;0.5802;4.1862;32.5401;270.0;270.0;270.0;270.0
233.0;2.0838;2.0998;14.1992;12.5137;65;376;0.0538;33.9008;0.6641;4.6037;33.3397;270.0;270.0;270.0;270.0
233.5;2.0847;2.0998;14.7761;12.9492;71;370;-0.0342;34.9389;0.7557;5.0212;34.9389;270.0;270.0;270.0;270.0
234.0;2.0856;2.0998;15.3187;13.3736;75;363;0.0244;36.0229;0.8550;5.4387;35.7386;270.0;270.0;270.0;270.0
234.5;2.0875;2.0998;15.5756;13.7857;73;363;0.0147;37.0992;0.9618;5.9001;36.5382;270.0;270.0;270.0;270.0
235.0;2.0888;2.0998;15.9670;14.1841;75;359;-0.0244;38.1832;1.0763;6.3616;38.1374;270.0;270.0;270.0;270.0
235.5;2.0911;2.0998;16.0261;14.5714;67;363;0.0147;39.2595;1.1985;6.8231;38.9370;270.0;270.0;270.0;270.0
236.0;2.0939;2.0998;16.2761;14.9451;67;363;-0.0049;40.3359;1.3359;7.2845;39.7366;270.0;270.0;270.0;270.0
236.5;2.0952;2.0998;16.4272;15.3077;64;365;0.0538;41.3740;1.4733;7.7460;41.3358;270.0;270.0;270.0;270.0
237.0;2.0962;2.0998;16.6346;15.6566;62;363;0.1222;42.4504;1.6260;8.2514;42.1354;270.0;270.0;270.0;270.0
237.5;2.0975;2.0998;16.8063;15.9931;60;365;0.0538;43.4809;1.7786;8.7128;42.9350;270.0;270.0;270.0;270.0
238.0;2.0980;2.0998;17.1882;16.3173;64;359;0.0440;44.5115;1.9389;9.1962;44.5343;270.0;270.0;270.0;270.0
238.5;2.0984;2.0998;17.6003;16.6291;67;353;0.1026;45.5802;2.1221;9.7016;45.3339;270.0;270.0;270.0;270.0
239.0;2.0994;2.0998;17.8599;16.9272;69;351;0.0929;46.6489;2.3053;10.2071;46.1335;270.0;270.0;270.0;270.0
239.5;2.0998;2.0998;18.1717;17.2143;71;345;0.1417;47.7557;2.5115;10.7564;47.7327;270.0;270.0;270.0;270.0
240.0;2.1003;2.0998;18.3393;17.4890;71;347;0.1808;48.7863;2.7099;11.2618;48.5323;270.0;270.0;270.0;270.0
240.5;2.1016;2.0998;18.8571;17.7500;79;339;0.1417;49.8855;2.9389;11.8112;49.3319;270.0;270.0;270.0;270.0
241.0;2.1030;2.0998;18.9876;17.9986;79;335;0.1320;50.9847;3.1756;12.3605;50.9311;270.0;270.0;270.0;270.0
241.5;2.1053;2.0998;19.3187;18.2363;83;331;0.1026;52.0840;3.4198;12.9099;51.7307;270.0;270.0;270.0;270.0
242.0;2.1067;2.0998;19.4437;18.4602;81;329;0.1320;53.0992;3.6565;13.4592;53.3300;270.0;270.0;270.0;270.0
242.5;2.1085;2.0998;19.7280;18.6717;87;322;0.0342;54.1527;3.9160;14.0305;54.1296;270.0;270.0;270.0;270.0
243.0;2.1099;2.0998;19.7843;18.8709;85;322;0.0244;55.2061;4.1832;14.5799;54.9292;270.0;270.0;270.0;270.0
243.5;2.1108;2.0998;20.1346;19.0577;91;314;0.0929;56.2137;4.4504;15.1732;56.5284;270.0;270.0;270.0;270.0
244.0;2.1113;2.0998;20.3874;19.2321;97;308;0.0831;57.2214;4.7328;15.7665;57.3280;270.0;270.0;270.0;270.0
244.5;2.1117;2.0998;20.3640;19.3929;95;310;0.1711;58.2672;5.0305;16.3378;58.1276;270.0;270.0;270.0;270.0
245.0;2.1126;2.0998;20.5604;19.5426;99;304;0.0831;59.3435;5.3511;16.9311;59.7268;270.0;270.0;270.0;270.0
245.5;2.1136;2.0998;20.5014;19.6786;95;304;0.1515;60.3817;5.6718;17.5244;60.5265;270.0;270.0;270.0;270.0
246.0;2.1154;2.0998;20.9712;19.8036;107;292;0.0635;61.4504;6.0153;18.1177;61.3261;270.0;270.0;270.0;270.0
246.5;2.1168;2.0998;20.9712;19.9148;107;290;0.1417;62.4809;6.3588;18.7330;62.9253;270.0;270.0;270.0;270.0
247.0;2.1190;2.0998;21.2569;20.0137;112;281;-0.0147;63.5115;6.7176;19.3263;63.7249;270.0;270.0;270.0;270.0
247.5;2.1200;2.0998;21.1813;20.1003;110;281;0.1417;64.5344;7.0840;19.9196;64.5245;270.0;270.0;270.0;270.0
248.0;2.1209;2.0998;21.2500;20.1745;114;277;0.0538;65.5115;7.4427;20.5348;66.1237;270.0;270.0;270.0;270.0
248.5;2.1223;2.0998;21.5000;20.2363;120;269;0.0342;66.5649;7.8397;21.1501;66.9233;270.0;270.0;270.0;270.0
249.0;2.1227;2.0998;21.6648;20.2857;126;261;0.0440;67.5344;8.2290;21.7654;68.5226;270.0;270.0;270.0;270.0
249.5;2.1227;2.0998;21.7184;20.3214;132;255;-0.0342;68.4657;8.6031;22.4026;69.3222;270.0;270.0;270.0;270.0
250.0;2.1218;2.0998;21.4643;20.3462;128;259;0.0342;69.4275;9.0076;23.0179;70.1218;270.0;270.0;270.0;270.0
250.5;2.1213;2.0998;21.6085;20.3571;136;253;0.0440;70.3893;9.4198;23.6332;70.9214;270.0;270.0;270.0;270.0
251.0;2.1204;2.0998;21.2267;20.3571;128;257;0.0538;71.4198;9.8779;24.2484;72.5206;270.0;270.0;270.0;270.0
251.5;2.1195;2.0998;21.3805;20.3434;138;249;-0.0147;72.3282;10.2977;24.8417;73.3202;270.0;270.0;270.0;270.0
252.0;2.1186;2.0998;21.2376;20.3173;140;249;-0.0244;73.3130;10.7557;25.4570;74.1198;270.0;270.0;270.0;270.0
252.5;2.1177;2.0998;21.2802;20.2788;146;243;-0.0244;74.2214;11.1908;26.0723;75.7190;270.0;270.0;270.0;270.0
253.0;2.1168;2.0998;21.1195;20.2280;148;243;0.0538;75.1527;11.6565;26.6876;76.5187;270.0;270.0;270.0;270.0
253.5;2.1158;2.0998;21.0398;20.1648;152;239;-0.0147;76.1221;12.1527;27.2809;77.3183;270.0;270.0;270.0;270.0
254.0;2.1145;2.0998;21.2033;20.0893;161;232;-0.0147;77.0840;12.6565;27.8742;78.9175;270.0;270.0;270.0;270.0
254.5;2.1131;2.0998;21.1456;20.0014;165;226;0.0440;78.0076;13.1450;28.4894;79.7171;270.0;270.0;270.0;270.0
255.0;2.1122;2.0998;20.9354;19.8997;169;226;-0.0831;78.9237;13.6489;29.0827;80.5167;270.0;270.0;270.0;270.0
255.5;2.1122;2.0998;20.5027;19.7871;165;230;0.0831;79.9008;14.2061;29.6760;82.1159;270.0;270.0;270.0;270.0
256.0;2.1117;2.0998;20.5756;19.6607;175;220;-0.0049;80.8397;14.7481;30.2693;82.9155;270.0;270.0;270.0;270.0
256.5;2.1113;2.0998;20.0989;19.5220;171;226;0.0147;81.7786;15.2977;30.8406;83.7151;270.0;270.0;270.0;270.0
257.0;2.1108;2.0998;20.2335;19.3709;183;212;-0.0733;82.6718;15.8397;31.4120;85.3144;270.0;270.0;270.0;270.0
257.5;2.1117;2.0998;19.9052;19.2088;185;212;-0.0733;83.6260;16.4275;32.0053;86.1140;270.0;270.0;270.0;270.0
258.0;2.1122;2.0998;19.5948;19.0330;185;210;-0.0440;84.5115;16.9847;32.5546;86.9136;270.0;270.0;270.0;270.0
258.5;2.1140;2.0998;19.3283;18.8434;187;208;-0.0342;85.4580;17.5954;33.1040;88.5128;270.0;270.0;270.0;270.0
259.0;2.1149;2.0998;19.0893;18.6429;191;204;0.0342;86.3588;18.1908;33.6533;89.3124;270.0;270.0;270.0;270.0
259.5;2.1158;2.0998;19.0591;18.4299;198;195;-0.0929;87.2595;18.8015;34.2027;90.9116;270.0;270.0;270.0;270.0
260.0;2.1158;2.0998;18.7253;18.2033;200;191;-0.1222;88.1527;19.4122;34.7520;91.7112;270.0;270.0;270.0;270.0
260.5;2.1168;2.0998;18.6937;17.9657;210;181;-0.0831;89.0458;20.0382;35.2794;92.5108;270.0;270.0;270.0;270.0
261.0;2.1172;2.0998;18.2376;17.7143;210;181;-0.1613;89.8931;20.6412;35.7848;94.1101;270.0;270.0;270.0;270.0
261.5;2.1163;2.0998;18.2033;17.4519;220;169;-0.1613;90.7405;21.2595;36.3122;94.9097;270.0;270.0;270.0;270.0
262.0;2.1168;2.0998;17.6470;17.1758;220;173;-0.1515;91.6412;21.9313;36.8396;95.7093;270.0;270.0;270.0;270.0
262.5;2.1168;2.0998;17.5934;16.8874;228;161;-0.1320;92.4733;22.5573;37.3230;97.3085;270.0;270.0;270.0;270.0
263.0;2.1168;2.0998;17.2706;16.5865;232;157;-0.1124;93.3053;23.1985;37.8284;98.1081;270.0;270.0;270.0;270.0
263.5;2.1172;2.0998;16.8008;16.2734;234;157;-0.2004;94.1603;23.8702;38.3118;98.9077;270.0;270.0;270.0;270.0
264.0;2.1172;2.0998;16.6745;15.9464;243;146;-0.2590;94.9771;24.5191;38.7733;100.5069;270.0;270.0;270.0;270.0
264.5;2.1177;2.0998;16.4038;15.6085;249;140;-0.1906;95.8168;25.1985;39.2567;101.3066;270.0;270.0;270.0;270.0
265.0;2.1181;2.0998;16.4190;15.2582;263;124;-0.2493;96.6260;25.8702;39.7181;102.1062;270.0;270.0;270.0;270.0
265.5;2.1186;2.0998;15.9684;14.8942;267;122;-0.1613;97.4580;26.5649;40.1796;103.7054;270.0;270.0;270.0;270.0
266.0;2.1181;2.0998;15.8777;14.5179;279;110;-0.1613;98.2214;27.2137;40.6191;104.5050;270.0;270.0;270.0;270.0
266.5;2.1195;2.0998;15.0865;14.1305;273;116;-0.1417;99.1069;27.9771;41.0805;105.3046;270.0;270.0;270.0;270.0
267.0;2.1218;2.0998;14.5591;13.7294;275;114;-0.0244;99.9466;28.7176;41.4761;106.9038;270.0;270.0;270.0;270.0
267.5;2.1245;2.0998;13.9492;13.3159;273;112;-0.0049;100.7863;29.4657;41.8716;107.7034;270.0;270.0;270.0;270.0
268.0;2.1268;2.0998;13.5797;12.8901;277;107;-0.0831;101.5954;30.1985;42.2671;108.5030;270.0;270.0;270.0;270.0
268.5;2.1282;2.0998;13.1236;12.4519;281;101;-0.0538;102.3969;30.9313;42.6407;110.1023;270.0;270.0;270.0;270.0
269.0;2.1300;2.0998;12.3022;12.0014;275;103;-0.1222;103.2214;31.6947;43.0143;110.9019;270.0;270.0;270.0;270.0
269.5;2.1323;2.0998;12.0316;11.5371;284;93;-0.0929;104.0382;32.4656;43.3439;112.5011;270.0;270.0;270.0;270.0
270.0;2.1346;2.0998;11.4245;11.0618;284;89;-0.0831;104.8550;33.2366;43.6735;113.3007;270.0;270.0;270.0;270.0
270.5;2.1374;2.0998;11.2294;10.5728;294;75;-0.0733;105.6718;34.0153;44.0031;114.1003;270.0;270.0;270.0;270.0
271.0;2.1406;2.0998;10.5110;10.0728;294;73;-0.0635;106.5344;34.8550;44.3107;115.6995;270.0;270.0;270.0;270.0
271.5;2.1429;2.0998;10.2418;9.6016;288;75;-0.0440;107.3359;35.6489;44.5964;116.4991;270.0;270.0;270.0;270.0
272.0;2.1447;2.0998;9.4409;9.1607;271;91;-0.0049;108.0763;36.3817;44.8601;118.0984;270.0;270.0;270.0;270.0
272.5;2.1461;2.0998;8.8544;8.7500;257;101;0.0049;108.8779;37.1756;45.1018;118.8980;270.0;270.0;270.0;270.0
273.0;2.1474;2.0998;8.5261;8.3695;249;107;-0.1417;109.6641;37.9771;45.3435;119.6976;270.0;270.0;270.0;270.0
273.5;2.1488;2.0998;7.9492;8.0179;236;118;0.0342;110.4580;38.7786;45.5852;121.2968;270.0;270.0;270.0;270.0
274.0;2.1502;2.0998;7.6277;7.6978;226;126;-0.0244;111.2137;39.5573;45.8050;122.0964;270.0;270.0;270.0;270.0
274.5;2.1520;2.0998;6.7486;7.4066;202;146;0.0831;112.0000;40.3664;46.0027;123.6956;270.0;270.0;270.0;270.0
275.0;2.1529;2.0998;6.3984;7.1456;193;155;0.0147;112.7481;41.1450;46.1785;124.4952;270.0;270.0;270.0;270.0
275.5;2.1538;2.0998;5.7555;6.9148;173;171;0.1124;113.5267;41.9618;46.3543;125.2948;270.0;270.0;270.0;270.0
276.0;2.1543;2.0998;5.5810;6.7143;165;179;0.0440;114.2748;42.7481;46.5081;126.8941;270.0;270.0;270.0;270.0
276.5;2.1552;2.0998;5.2761;6.5426;153;189;0.0538;115.0229;43.5344;46.6619;127.6937;270.0;270.0;270.0;270.0
277.0;2.1561;2.0998;5.2335;6.4025;146;195;0.0538;115.7634;44.3206;46.7938;128.4933;270.0;270.0;270.0;270.0
277.5;2.1552;2.0998;4.8242;6.2912;132;208;0.0635;116.4504;45.0534;46.9476;130.0925;270.0;270.0;270.0;270.0
278.0;2.1538;2.0998;4.5618;6.2102;116;222;0.1515;117.1603;45.8244;47.0794;130.8921;270.0;270.0;270.0;270.0
278.5;2.1520;2.0998;4.5934;6.1593;112;230;0.0831;117.8473;46.5573;47.2113;131.6917;270.0;270.0;270.0;270.0
279.0;2.1506;2.0998;4.3819;6.1387;101;243;0.0049;118.5573;47.3282;47.3212;133.2909;270.0;270.0;270.0;270.0
279.5;2.1488;2.0998;4.6085;6.1387;101;243;-0.0049;119.2595;48.0916;47.4530;134.0906;270.0;270.0;270.0;270.0
280.0;2.1470;2.0998;4.3475;6.1387;95;249;-0.0831;119.9924;48.8931;47.5848;134.8902;270.0;270.0;270.0;270.0
280.5;2.1433;2.0998;4.7115;6.1387;105;241;-0.0049;120.6489;49.6107;47.7167;135.6898;270.0;270.0;270.0;270.0
281.0;2.1392;2.0998;4.5412;6.1387;103;247;0.0049;121.2901;50.3206;47.8485;137.2890;270.0;270.0;270.0;270.0
281.5;2.1346;2.0998;4.7761;6.1387;110;243;0.0733;121.9695;51.0687;47.9804;138.0886;270.0;270.0;270.0;270.0
282.0;2.1300;2.0998;4.8791;6.1387;114;245;0.0635;122.6412;51.8168;48.1342;138.8882;270.0;270.0;270.0;270.0
282.5;2.1268;2.0998;4.6951;6.1387;112;251;0.0635;123.3588;52.6260;48.2660;140.4874;270.0;270.0;270.0;270.0
283.0;2.1232;2.0998;4.9121;6.1387;118;247;0.0733;124.0305;53.3740;48.3979;141.2870;270.0;270.0;270.0;270.0